size of clusters = 1
cluster 0 :
	C1 : 300 1.22709e-08 
	C2 : 300 0 
	C3 : 300 3.20901e-05 

